0.9372265338897705
0.9358680248260498
0.956301212310791
0.9438943862915039
0.9491732120513916
0.9386940002441406
0.9450893402099609
0.9783637523651123
0.9430291652679443
0.9402961730957031
0.9569215774536133
0.9440927505493164
0.9367337226867676
0.9360949993133545
0.9408471584320068
0.9588563442230225
0.9367053508758545
0.9355285167694092
0.9399628639221191
0.9384956359863281
0.9467031955718994
0.9398894309997559
0.9559006690979004
0.9546165466308594
0.9428768157958984
0.9515864849090576
0.9369406700134277
0.9376614093780518
0.9694795608520508
0.9993336200714111
