120.12461376190186
122.04578185081482
120.93580198287964
119.26629710197449
119.45645356178284
118.7742645740509
118.67817664146423
119.39991617202759
119.12391424179077
122.24595999717712
123.26178908348083
121.05375957489014
118.24184441566467
119.84758973121643
118.3455708026886
118.58457350730896
120.25395631790161
118.38348507881165
120.87628412246704
119.90027785301208
123.63365316390991
118.53637051582336
122.49195504188538
121.55092811584473
118.87244248390198
119.5531587600708
119.8148787021637
118.38331317901611
119.65353322029114
119.23776340484619
