86.17529058456421
82.30423903465271
81.90471291542053
84.808269739151
85.39177131652832
82.98063611984253
82.66343235969543
83.43200016021729
82.72678518295288
85.156902551651
84.3742425441742
83.09005236625671
83.19861030578613
82.77715039253235
85.6451473236084
85.89980602264404
85.3405385017395
86.1399245262146
85.92931771278381
86.36352467536926
82.25050568580627
84.53473567962646
84.81838798522949
86.07112216949463
83.70322680473328
83.2632839679718
85.2129020690918
85.67999124526978
85.90640878677368
82.55932545661926
