1.1720716953277588
1.1805651187896729
1.1811490058898926
1.1977460384368896
1.2093887329101562
1.2383928298950195
1.1837310791015625
1.1846075057983398
1.2795073986053467
1.2608187198638916
1.206939697265625
1.1993744373321533
1.19498872756958
1.191241979598999
1.2705190181732178
1.1856050491333008
1.2043077945709229
1.1788666248321533
1.244363784790039
1.1547627449035645
1.2005703449249268
1.2056701183319092
1.1718323230743408
1.1679182052612305
1.1645641326904297
1.2714693546295166
1.2764053344726562
1.3703370094299316
1.241485357284546
1.2157883644104004
