95.96780300140381
90.17791533470154
97.48818731307983
90.73591041564941
95.52302527427673
105.0825412273407
91.29575252532959
91.00982666015625
94.61120772361755
94.61164879798889
92.47044348716736
94.06252074241638
89.64699053764343
94.09744310379028
98.18037843704224
94.34648036956787
91.2336790561676
92.18538188934326
93.36397504806519
322.58464908599854
89.51932716369629
92.72800040245056
90.31367802619934
90.16671419143677
90.93260288238525
 97.80353808403015
91.96119117736816
89.31133556365967
92.9096691608429
96.37229442596436
